N = 20
mean = 0.548425
stddev = 0.0162467
confHi = 0.573408
confLo = 0.523442
